   3  10 210
   8   4 204
  16   0 200
  25   6 206
  29   6 206
  33   0 200
  38   0 200
  44   6 206
  47   6 206
  50   5 205
  53   1 201
  56   3 203
  65   5 205
  72   0 200
  80   4 204
  91   4 204
  98   3 203
 105   1 201
 108   0 200
 113   6 206
 116   7 207
 148   6 206
 152   6 206
 161   6 206
 167   6 206
 170   6 206
 173   6 206
 176   6 206
 179   4 204
 182   6 206
 185   6 206
 188   6 206
 191   6 206
 194   6 206
 197   6 206
 213   2 202
 225   6 206
 240   1 201
 247   6 206
 256   7 207
 304   6 206
 313  10 210
 352   1 201
 356   6 206
 394   5 205
 401   3 203
 457   3 203
 462   3 203
 473   3 203
 483   2 202
 492   2 202
 537   3 203
 549   6 206
 569   2 202
 606   7 207
 679   2 202
 758   5 205
 761   6 206
 770   5 205
 776   5 205
 783   6 206
 792   6 206
 799   6 206
 804   6 206
 832   3 203
 834   2 202
 836   2 202
 838   2 202
 840   2 202
 842   2 202
 844   3 203
 846   3 203
 848   2 202
 850   3 203
 852   3 203
 854   3 203
 856   3 203
 858   3 203
 860   3 203
 862   3 203
 866   6 206
 874   4 204
 878   3 203
 907   3 203
 971   7 207
1038   4 204
1088   4 204
1104   6 206
1116   6 206
1142   5 205
1153   6 206
1167   6 206
1207   5 205
1210   6 206
1214   6 206
1217   6 206
1223   6 206
1237   6 206
1240   0 200
1248   0 200
1256   0 200
1269   1 201
1273   5 205
1283   5 205
1288   5 205
1295   6 206
1298   1 201
1302   4 204
1305   6 206
1312   6 206
1318   1 201
1322   5 205
1325   6 206
1332   6 206
1338   1 201
1342   5 205
1347   6 206
1351   6 206
1354   6 206
1357   3 203
1360   6 206
1363   6 206
1366   6 206
1370   6 206
1373   6 206
1376   3 203
1379   6 206
1382   6 206
1385   6 206
1389   6 206
1392   6 206
1395   3 203
1398   6 206
1401   6 206
1406   6 206
1415   6 206
1420   6 206
1424   6 206
1428   6 206
1444   6 206
1450   6 206
1466   0 200
1486   0 200
1506   0 200
